#!/usr/bin/env Rscript

WIDTH <- 100
HEIGHT <- 100

magic <- "28,6;29,6;30,6;31,6;32,6;33,6;34,6;35,6;38,6;39,6;40,6;41,6;42,6;43,6;44,6;45,6;46,6;47,6;48,6;49,6;50,6;51,6;52,6;53,6;54,6;55,6;56,6;57,6;58,6;59,6;60,6;61,6;28,7;29,7;30,7;31,7;32,7;33,7;34,7;35,7;38,7;39,7;40,7;41,7;42,7;43,7;44,7;45,7;46,7;47,7;48,7;49,7;50,7;51,7;52,7;53,7;54,7;55,7;56,7;57,7;58,7;59,7;60,7;61,7;64,8;65,8;64,9;65,9;24,10;25,10;64,10;65,10;70,10;71,10;24,11;25,11;64,11;65,11;70,11;71,11;22,12;23,12;74,12;75,12;22,13;23,13;74,13;75,13;20,16;21,16;78,16;79,16;20,17;21,17;78,17;79,17;20,18;21,18;20,19;21,19;80,20;81,20;80,21;81,21;18,22;19,22;38,22;39,22;40,22;41,22;80,22;81,22;18,23;19,23;38,23;39,23;40,23;41,23;80,23;81,23;18,24;19,24;36,24;37,24;38,24;39,24;40,24;41,24;42,24;43,24;44,24;45,24;80,24;81,24;18,25;19,25;36,25;37,25;38,25;39,25;40,25;41,25;42,25;43,25;44,25;45,25;80,25;81,25;16,26;17,26;18,26;19,26;32,26;33,26;34,26;35,26;36,26;37,26;38,26;39,26;40,26;41,26;48,26;49,26;62,26;63,26;64,26;65,26;66,26;67,26;68,26;69,26;70,26;71,26;82,26;83,26;16,27;17,27;18,27;19,27;32,27;33,27;34,27;35,27;36,27;37,27;38,27;39,27;40,27;41,27;48,27;49,27;62,27;63,27;64,27;65,27;66,27;67,27;68,27;69,27;70,27;71,27;82,27;83,27;14,28;15,28;16,28;17,28;32,28;33,28;34,28;35,28;36,28;37,28;38,28;39,28;40,28;41,28;42,28;43,28;48,28;49,28;60,28;61,28;62,28;63,28;64,28;65,28;66,28;67,28;68,28;69,28;70,28;71,28;14,29;15,29;16,29;17,29;32,29;33,29;34,29;35,29;36,29;37,29;38,29;39,29;40,29;41,29;42,29;43,29;48,29;49,29;60,29;61,29;62,29;63,29;64,29;65,29;66,29;67,29;68,29;69,29;70,29;71,29;14,30;15,30;16,30;17,30;32,30;33,30;34,30;35,30;38,30;39,30;48,30;49,30;58,30;59,30;60,30;61,30;62,30;63,30;64,30;65,30;84,30;85,30;14,31;15,31;16,31;17,31;32,31;33,31;34,31;35,31;38,31;39,31;48,31;49,31;58,31;59,31;60,31;61,31;62,31;63,31;64,31;65,31;84,31;85,31;12,32;13,32;14,32;15,32;20,32;21,32;24,32;25,32;26,32;27,32;46,32;47,32;48,32;49,32;58,32;59,32;60,32;61,32;84,32;85,32;12,33;13,33;14,33;15,33;20,33;21,33;24,33;25,33;26,33;27,33;46,33;47,33;48,33;49,33;58,33;59,33;60,33;61,33;84,33;85,33;10,34;11,34;12,34;13,34;18,34;19,34;28,34;29,34;30,34;31,34;36,34;37,34;74,34;75,34;84,34;85,34;10,35;11,35;12,35;13,35;18,35;19,35;28,35;29,35;30,35;31,35;36,35;37,35;74,35;75,35;84,35;85,35;10,36;11,36;12,36;13,36;72,36;73,36;84,36;85,36;10,37;11,37;12,37;13,37;72,37;73,37;84,37;85,37;10,38;11,38;12,38;13,38;16,38;17,38;24,38;25,38;60,38;61,38;70,38;71,38;72,38;73,38;84,38;85,38;10,39;11,39;12,39;13,39;16,39;17,39;24,39;25,39;60,39;61,39;70,39;71,39;72,39;73,39;84,39;85,39;10,40;11,40;16,40;17,40;22,40;23,40;24,40;25,40;26,40;27,40;28,40;29,40;46,40;47,40;62,40;63,40;84,40;85,40;10,41;11,41;16,41;17,41;22,41;23,41;24,41;25,41;26,41;27,41;28,41;29,41;46,41;47,41;62,41;63,41;84,41;85,41;10,42;11,42;12,42;13,42;22,42;23,42;46,42;47,42;62,42;63,42;64,42;65,42;74,42;75,42;76,42;77,42;84,42;85,42;10,43;11,43;12,43;13,43;22,43;23,43;46,43;47,43;62,43;63,43;64,43;65,43;74,43;75,43;76,43;77,43;84,43;85,43;10,44;11,44;12,44;13,44;22,44;23,44;30,44;31,44;32,44;33,44;62,44;63,44;64,44;65,44;74,44;75,44;76,44;77,44;84,44;85,44;10,45;11,45;12,45;13,45;22,45;23,45;30,45;31,45;32,45;33,45;62,45;63,45;64,45;65,45;74,45;75,45;76,45;77,45;84,45;85,45;12,46;13,46;24,46;25,46;32,46;33,46;36,46;37,46;38,46;39,46;60,46;61,46;74,46;75,46;76,46;77,46;84,46;85,46;12,47;13,47;24,47;25,47;32,47;33,47;36,47;37,47;38,47;39,47;60,47;61,47;74,47;75,47;76,47;77,47;84,47;85,47;12,48;13,48;14,48;15,48;24,48;25,48;26,48;27,48;28,48;29,48;32,48;33,48;42,48;43,48;44,48;45,48;70,48;71,48;72,48;73,48;74,48;75,48;76,48;77,48;82,48;83,48;12,49;13,49;14,49;15,49;24,49;25,49;26,49;27,49;28,49;29,49;32,49;33,49;42,49;43,49;44,49;45,49;70,49;71,49;72,49;73,49;74,49;75,49;76,49;77,49;82,49;83,49;14,50;15,50;26,50;27,50;28,50;29,50;30,50;31,50;32,50;33,50;42,50;43,50;44,50;45,50;58,50;59,50;70,50;71,50;72,50;73,50;74,50;75,50;76,50;77,50;82,50;83,50;14,51;15,51;26,51;27,51;28,51;29,51;30,51;31,51;32,51;33,51;42,51;43,51;44,51;45,51;58,51;59,51;70,51;71,51;72,51;73,51;74,51;75,51;76,51;77,51;82,51;83,51;14,52;15,52;16,52;17,52;26,52;27,52;30,52;31,52;32,52;33,52;34,52;35,52;44,52;45,52;50,52;51,52;52,52;53,52;54,52;55,52;56,52;57,52;58,52;59,52;60,52;61,52;62,52;63,52;64,52;65,52;66,52;67,52;68,52;69,52;72,52;73,52;76,52;77,52;82,52;83,52;14,53;15,53;16,53;17,53;26,53;27,53;30,53;31,53;32,53;33,53;34,53;35,53;44,53;45,53;50,53;51,53;52,53;53,53;54,53;55,53;56,53;57,53;58,53;59,53;60,53;61,53;62,53;63,53;64,53;65,53;66,53;67,53;68,53;69,53;72,53;73,53;76,53;77,53;82,53;83,53;16,54;17,54;28,54;29,54;32,54;33,54;34,54;35,54;36,54;37,54;38,54;39,54;40,54;41,54;42,54;43,54;60,54;61,54;68,54;69,54;72,54;73,54;74,54;75,54;76,54;77,54;82,54;83,54;16,55;17,55;28,55;29,55;32,55;33,55;34,55;35,55;36,55;37,55;38,55;39,55;40,55;41,55;42,55;43,55;60,55;61,55;68,55;69,55;72,55;73,55;74,55;75,55;76,55;77,55;82,55;83,55;32,56;33,56;36,56;37,56;38,56;39,56;40,56;41,56;42,56;43,56;44,56;45,56;52,56;53,56;54,56;55,56;60,56;61,56;68,56;69,56;72,56;73,56;74,56;75,56;76,56;77,56;32,57;33,57;36,57;37,57;38,57;39,57;40,57;41,57;42,57;43,57;44,57;45,57;52,57;53,57;54,57;55,57;60,57;61,57;68,57;69,57;72,57;73,57;74,57;75,57;76,57;77,57;18,58;19,58;30,58;31,58;32,58;33,58;40,58;41,58;42,58;43,58;44,58;45,58;46,58;47,58;48,58;49,58;52,58;53,58;54,58;55,58;60,58;61,58;62,58;63,58;66,58;67,58;68,58;69,58;70,58;71,58;72,58;73,58;74,58;75,58;76,58;77,58;18,59;19,59;30,59;31,59;32,59;33,59;40,59;41,59;42,59;43,59;44,59;45,59;46,59;47,59;48,59;49,59;52,59;53,59;54,59;55,59;60,59;61,59;62,59;63,59;66,59;67,59;68,59;69,59;70,59;71,59;72,59;73,59;74,59;75,59;76,59;77,59;18,60;19,60;32,60;33,60;42,60;43,60;46,60;47,60;48,60;49,60;50,60;51,60;52,60;53,60;54,60;55,60;56,60;57,60;58,60;59,60;60,60;61,60;62,60;63,60;64,60;65,60;66,60;67,60;68,60;69,60;70,60;71,60;72,60;73,60;74,60;75,60;76,60;77,60;18,61;19,61;32,61;33,61;42,61;43,61;46,61;47,61;48,61;49,61;50,61;51,61;52,61;53,61;54,61;55,61;56,61;57,61;58,61;59,61;60,61;61,61;62,61;63,61;64,61;65,61;66,61;67,61;68,61;69,61;70,61;71,61;72,61;73,61;74,61;75,61;76,61;77,61;42,62;43,62;50,62;51,62;52,62;53,62;54,62;55,62;56,62;57,62;58,62;59,62;60,62;61,62;62,62;63,62;64,62;65,62;66,62;67,62;68,62;69,62;70,62;71,62;72,62;73,62;74,62;75,62;76,62;77,62;42,63;43,63;50,63;51,63;52,63;53,63;54,63;55,63;56,63;57,63;58,63;59,63;60,63;61,63;62,63;63,63;64,63;65,63;66,63;67,63;68,63;69,63;70,63;71,63;72,63;73,63;74,63;75,63;76,63;77,63;20,64;21,64;34,64;35,64;52,64;53,64;54,64;55,64;56,64;57,64;58,64;59,64;60,64;61,64;62,64;63,64;64,64;65,64;66,64;67,64;68,64;69,64;70,64;71,64;72,64;73,64;74,64;75,64;76,64;77,64;20,65;21,65;34,65;35,65;52,65;53,65;54,65;55,65;56,65;57,65;58,65;59,65;60,65;61,65;62,65;63,65;64,65;65,65;66,65;67,65;68,65;69,65;70,65;71,65;72,65;73,65;74,65;75,65;76,65;77,65;22,66;23,66;36,66;37,66;38,66;39,66;40,66;41,66;60,66;61,66;66,66;67,66;70,66;71,66;72,66;73,66;74,66;75,66;22,67;23,67;36,67;37,67;38,67;39,67;40,67;41,67;60,67;61,67;66,67;67,67;70,67;71,67;72,67;73,67;74,67;75,67;24,68;25,68;40,68;41,68;42,68;43,68;52,68;53,68;64,68;65,68;68,68;69,68;70,68;71,68;72,68;73,68;74,68;75,68;82,68;83,68;24,69;25,69;40,69;41,69;42,69;43,69;52,69;53,69;64,69;65,69;68,69;69,69;70,69;71,69;72,69;73,69;74,69;75,69;82,69;83,69;24,70;25,70;52,70;53,70;58,70;59,70;64,70;65,70;68,70;69,70;70,70;71,70;72,70;73,70;82,70;83,70;24,71;25,71;52,71;53,71;58,71;59,71;64,71;65,71;68,71;69,71;70,71;71,71;72,71;73,71;82,71;83,71;26,72;27,72;50,72;51,72;52,72;53,72;54,72;55,72;58,72;59,72;60,72;61,72;62,72;63,72;64,72;65,72;66,72;67,72;68,72;69,72;82,72;83,72;26,73;27,73;50,73;51,73;52,73;53,73;54,73;55,73;58,73;59,73;60,73;61,73;62,73;63,73;64,73;65,73;66,73;67,73;68,73;69,73;82,73;83,73;30,74;31,74;82,74;83,74;30,75;31,75;82,75;83,75;82,76;83,76;82,77;83,77;34,78;35,78;36,78;37,78;82,78;83,78;34,79;35,79;36,79;37,79;82,79;83,79;38,80;39,80;40,80;41,80;82,80;83,80;38,81;39,81;40,81;41,81;82,81;83,81;82,82;83,82;82,83;83,83;42,84;43,84;82,84;83,84;42,85;43,85;